connections = [1,1,2,2,2,3,3,4,4,5,5,5,6,6;2,6,1,3,5,2,4,3,5,4,6,2,5,1;2,3,2,2,4,2,3,3,2,2,2,4,2,3];
nodes = [40,40;0,40;-40,40;-40,-40;0,-40;40,-40];